 1.00000  0.58626  0.08856  0.00012  0.00000  0.00588  0.00378  0.00004  0.00000  0.00106  0.00093  0.00003  0.00000  0.00037  0.00039  0.00002  0.00000  0.00018  0.00022  0.00002  0.00000  0.00011  0.00015  0.00002  0.00000  0.00007  0.00011  0.00002  0.00000  0.00005  0.00009  0.00002  0.00000  0.00004  0.00009  0.00002  0.00000  0.00004  0.00008  0.00002  0.00000 
 0.58627  0.29731  0.00331  0.00000  0.00027  0.00000  0.00019  0.00000  0.00006  0.00000  0.00008  0.00000  0.00002  0.00000  0.00004  0.00000  0.00001  0.00000  0.00003  0.00000  0.00001  0.00000  0.00002  0.00000  0.00001  0.00000  0.00002  0.00000  0.00001  0.00000  0.00002  0.00000  0.00001  0.00000  0.00002  0.00000  0.00001  0.00000  0.00002  0.00000  0.00002 
 0.08856  0.00331  0.00000  0.05847  0.01810  0.00002  0.00000  0.00246  0.00181  0.00001  0.00000  0.00060  0.00056  0.00001  0.00000  0.00024  0.00026  0.00001  0.00000  0.00012  0.00015  0.00001  0.00000  0.00007  0.00010  0.00001  0.00000  0.00005  0.00008  0.00001  0.00000  0.00003  0.00007  0.00001  0.00000  0.00003  0.00006  0.00001  0.00000  0.00003  0.00009 
 0.00012  0.00000  0.05847  0.06093  0.00180  0.00000  0.00012  0.00000  0.00016  0.00000  0.00004  0.00000  0.00006  0.00000  0.00002  0.00000  0.00004  0.00000  0.00001  0.00000  0.00002  0.00000  0.00001  0.00000  0.00002  0.00000  0.00001  0.00000  0.00002  0.00000  0.00001  0.00000  0.00002  0.00000  0.00001  0.00000  0.00002  0.00000  0.00001  0.00000  0.00003 
 0.00000  0.00027  0.01810  0.00180  0.00000  0.02464  0.00881  0.00002  0.00000  0.00144  0.00114  0.00001  0.00000  0.00041  0.00040  0.00001  0.00000  0.00018  0.00020  0.00001  0.00000  0.00010  0.00013  0.00001  0.00000  0.00006  0.00009  0.00001  0.00000  0.00004  0.00007  0.00001  0.00000  0.00003  0.00006  0.00001  0.00000  0.00002  0.00006  0.00001  0.00000 
 0.00588  0.00000  0.00002  0.00000  0.02464  0.02963  0.00154  0.00000  0.00007  0.00000  0.00013  0.00000  0.00003  0.00000  0.00005  0.00000  0.00002  0.00000  0.00003  0.00000  0.00001  0.00000  0.00002  0.00000  0.00001  0.00000  0.00002  0.00000  0.00001  0.00000  0.00002  0.00000  0.00001  0.00000  0.00002  0.00000  0.00001  0.00000  0.00002  0.00000  0.00002 
 0.00378  0.00019  0.00000  0.00012  0.00881  0.00154  0.00000  0.01434  0.00553  0.00001  0.00000  0.00098  0.00083  0.00001  0.00000  0.00031  0.00032  0.00001  0.00000  0.00014  0.00017  0.00001  0.00000  0.00008  0.00011  0.00001  0.00000  0.00005  0.00008  0.00001  0.00000  0.00004  0.00007  0.00001  0.00000  0.00003  0.00006  0.00001  0.00000  0.00003  0.00009 
 0.00004  0.00000  0.00246  0.00000  0.00002  0.00000  0.01434  0.01860  0.00132  0.00000  0.00005  0.00000  0.00013  0.00000  0.00002  0.00000  0.00005  0.00000  0.00001  0.00000  0.00003  0.00000  0.00001  0.00000  0.00002  0.00000  0.00001  0.00000  0.00002  0.00000  0.00001  0.00000  0.00002  0.00000  0.00001  0.00000  0.00002  0.00000  0.00001  0.00000  0.00003 
 0.00000  0.00006  0.00181  0.00016  0.00000  0.00007  0.00553  0.00132  0.00000  0.00976  0.00398  0.00001  0.00000  0.00072  0.00064  0.00001  0.00000  0.00024  0.00026  0.00001  0.00000  0.00012  0.00015  0.00001  0.00000  0.00007  0.00010  0.00001  0.00000  0.00005  0.00008  0.00001  0.00000  0.00003  0.00007  0.00001  0.00000  0.00003  0.00006  0.00001  0.00000 
 0.00106  0.00000  0.00001  0.00000  0.00144  0.00000  0.00001  0.00000  0.00976  0.01338  0.00123  0.00000  0.00004  0.00000  0.00012  0.00000  0.00002  0.00000  0.00005  0.00000  0.00001  0.00000  0.00003  0.00000  0.00001  0.00000  0.00002  0.00000  0.00001  0.00000  0.00002  0.00000  0.00001  0.00000  0.00002  0.00000  0.00001  0.00000  0.00002  0.00000  0.00002 
 0.00093  0.00008  0.00000  0.00004  0.00114  0.00013  0.00000  0.00005  0.00398  0.00123  0.00000  0.00723  0.00309  0.00001  0.00000  0.00057  0.00053  0.00001  0.00000  0.00020  0.00023  0.00001  0.00000  0.00010  0.00013  0.00001  0.00000  0.00006  0.00009  0.00001  0.00000  0.00004  0.00008  0.00001  0.00000  0.00003  0.00007  0.00001  0.00000  0.00003  0.00010 
 0.00003  0.00000  0.00060  0.00000  0.00001  0.00000  0.00098  0.00000  0.00001  0.00000  0.00723  0.01038  0.00117  0.00000  0.00003  0.00000  0.00012  0.00000  0.00001  0.00000  0.00005  0.00000  0.00001  0.00000  0.00003  0.00000  0.00001  0.00000  0.00002  0.00000  0.00001  0.00000  0.00002  0.00000  0.00001  0.00000  0.00002  0.00000  0.00001  0.00000  0.00004 
 0.00000  0.00002  0.00056  0.00006  0.00000  0.00003  0.00083  0.00013  0.00000  0.00004  0.00309  0.00117  0.00000  0.00568  0.00254  0.00001  0.00000  0.00047  0.00045  0.00001  0.00000  0.00017  0.00020  0.00001  0.00000  0.00009  0.00012  0.00001  0.00000  0.00005  0.00009  0.00001  0.00000  0.00004  0.00007  0.00001  0.00000  0.00003  0.00007  0.00001  0.00000 
 0.00037  0.00000  0.00001  0.00000  0.00041  0.00000  0.00001  0.00000  0.00072  0.00000  0.00001  0.00000  0.00568  0.00852  0.00114  0.00000  0.00002  0.00000  0.00011  0.00000  0.00001  0.00000  0.00005  0.00000  0.00001  0.00000  0.00003  0.00000  0.00001  0.00000  0.00003  0.00000  0.00001  0.00000  0.00002  0.00000  0.00001  0.00000  0.00002  0.00000  0.00003 
 0.00039  0.00004  0.00000  0.00002  0.00040  0.00005  0.00000  0.00002  0.00064  0.00012  0.00000  0.00003  0.00254  0.00114  0.00000  0.00464  0.00216  0.00001  0.00000  0.00039  0.00040  0.00001  0.00000  0.00014  0.00018  0.00001  0.00000  0.00008  0.00012  0.00001  0.00000  0.00005  0.00009  0.00001  0.00000  0.00003  0.00008  0.00001  0.00000  0.00003  0.00011 
 0.00002  0.00000  0.00024  0.00000  0.00001  0.00000  0.00031  0.00000  0.00001  0.00000  0.00057  0.00000  0.00001  0.00000  0.00464  0.00725  0.00112  0.00000  0.00002  0.00000  0.00011  0.00000  0.00001  0.00000  0.00005  0.00000  0.00001  0.00000  0.00003  0.00000  0.00001  0.00000  0.00003  0.00000  0.00001  0.00000  0.00002  0.00000  0.00001  0.00000  0.00004 
 0.00000  0.00001  0.00026  0.00004  0.00000  0.00002  0.00032  0.00005  0.00000  0.00002  0.00053  0.00012  0.00000  0.00002  0.00216  0.00112  0.00000  0.00391  0.00190  0.00001  0.00000  0.00034  0.00036  0.00001  0.00000  0.00013  0.00017  0.00001  0.00000  0.00007  0.00011  0.00001  0.00000  0.00004  0.00009  0.00001  0.00000  0.00003  0.00008  0.00001  0.00000 
 0.00018  0.00000  0.00001  0.00000  0.00018  0.00000  0.00001  0.00000  0.00024  0.00000  0.00001  0.00000  0.00047  0.00000  0.00001  0.00000  0.00391  0.00635  0.00111  0.00000  0.00002  0.00000  0.00011  0.00000  0.00001  0.00000  0.00005  0.00000  0.00001  0.00000  0.00004  0.00000  0.00001  0.00000  0.00003  0.00000  0.00001  0.00000  0.00003  0.00000  0.00003 
 0.00022  0.00003  0.00000  0.00001  0.00020  0.00003  0.00000  0.00001  0.00026  0.00005  0.00000  0.00001  0.00045  0.00011  0.00000  0.00002  0.00190  0.00111  0.00000  0.00336  0.00169  0.00001  0.00000  0.00030  0.00033  0.00001  0.00000  0.00011  0.00016  0.00001  0.00000  0.00006  0.00011  0.00001  0.00000  0.00004  0.00009  0.00001  0.00000  0.00004  0.00012 
 0.00002  0.00000  0.00012  0.00000  0.00001  0.00000  0.00014  0.00000  0.00001  0.00000  0.00020  0.00000  0.00001  0.00000  0.00039  0.00000  0.00001  0.00000  0.00336  0.00567  0.00110  0.00000  0.00001  0.00000  0.00012  0.00000  0.00001  0.00000  0.00005  0.00000  0.00001  0.00000  0.00004  0.00000  0.00001  0.00000  0.00003  0.00000  0.00001  0.00000  0.00005 
 0.00000  0.00001  0.00015  0.00002  0.00000  0.00001  0.00017  0.00003  0.00000  0.00001  0.00023  0.00005  0.00000  0.00001  0.00040  0.00011  0.00000  0.00002  0.00169  0.00110  0.00000  0.00296  0.00155  0.00001  0.00000  0.00027  0.00031  0.00001  0.00000  0.00010  0.00016  0.00001  0.00000  0.00006  0.00011  0.00002  0.00000  0.00004  0.00009  0.00001  0.00000 
 0.00011  0.00000  0.00001  0.00000  0.00010  0.00000  0.00001  0.00000  0.00012  0.00000  0.00001  0.00000  0.00017  0.00000  0.00001  0.00000  0.00034  0.00000  0.00001  0.00000  0.00296  0.00519  0.00111  0.00000  0.00001  0.00000  0.00012  0.00000  0.00001  0.00000  0.00006  0.00000  0.00001  0.00000  0.00004  0.00000  0.00001  0.00000  0.00003  0.00000  0.00003 
 0.00015  0.00003  0.00000  0.00001  0.00013  0.00002  0.00000  0.00001  0.00015  0.00003  0.00000  0.00001  0.00020  0.00005  0.00000  0.00001  0.00036  0.00011  0.00000  0.00001  0.00155  0.00111  0.00000  0.00263  0.00144  0.00001  0.00000  0.00024  0.00030  0.00001  0.00000  0.00009  0.00015  0.00001  0.00000  0.00005  0.00011  0.00002  0.00000  0.00005  0.00015 
 0.00002  0.00000  0.00007  0.00000  0.00001  0.00000  0.00008  0.00000  0.00001  0.00000  0.00010  0.00000  0.00001  0.00000  0.00014  0.00000  0.00001  0.00000  0.00030  0.00000  0.00001  0.00000  0.00263  0.00480  0.00112  0.00000  0.00001  0.00000  0.00012  0.00000  0.00001  0.00000  0.00006  0.00000  0.00001  0.00000  0.00004  0.00000  0.00001  0.00000  0.00006 
 0.00000  0.00001  0.00010  0.00002  0.00000  0.00001  0.00011  0.00002  0.00000  0.00001  0.00013  0.00003  0.00000  0.00001  0.00018  0.00005  0.00000  0.00001  0.00033  0.00012  0.00000  0.00001  0.00144  0.00112  0.00000  0.00237  0.00135  0.00001  0.00000  0.00022  0.00029  0.00001  0.00000  0.00009  0.00016  0.00002  0.00000  0.00005  0.00012  0.00001  0.00000 
 0.00007  0.00000  0.00001  0.00000  0.00006  0.00000  0.00001  0.00000  0.00007  0.00000  0.00001  0.00000  0.00009  0.00000  0.00001  0.00000  0.00013  0.00000  0.00001  0.00000  0.00027  0.00000  0.00001  0.00000  0.00237  0.00449  0.00113  0.00000  0.00001  0.00000  0.00013  0.00000  0.00001  0.00000  0.00006  0.00000  0.00001  0.00000  0.00005  0.00000  0.00003 
 0.00011  0.00002  0.00000  0.00001  0.00009  0.00002  0.00000  0.00001  0.00010  0.00002  0.00000  0.00001  0.00012  0.00003  0.00000  0.00001  0.00017  0.00005  0.00000  0.00001  0.00031  0.00012  0.00000  0.00001  0.00135  0.00113  0.00000  0.00216  0.00128  0.00002  0.00000  0.00020  0.00028  0.00002  0.00000  0.00008  0.00016  0.00002  0.00000  0.00006  0.00019 
 0.00002  0.00000  0.00005  0.00000  0.00001  0.00000  0.00005  0.00000  0.00001  0.00000  0.00006  0.00000  0.00001  0.00000  0.00008  0.00000  0.00001  0.00000  0.00011  0.00000  0.00001  0.00000  0.00024  0.00000  0.00001  0.00000  0.00216  0.00424  0.00115  0.00000  0.00001  0.00000  0.00013  0.00000  0.00001  0.00000  0.00007  0.00000  0.00001  0.00000  0.00009 
 0.00000  0.00001  0.00008  0.00002  0.00000  0.00001  0.00008  0.00002  0.00000  0.00001  0.00009  0.00002  0.00000  0.00001  0.00012  0.00003  0.00000  0.00001  0.00016  0.00005  0.00000  0.00001  0.00030  0.00012  0.00000  0.00001  0.00128  0.00115  0.00000  0.00199  0.00123  0.00002  0.00000  0.00019  0.00028  0.00002  0.00000  0.00008  0.00018  0.00002  0.00000 
 0.00005  0.00000  0.00001  0.00000  0.00004  0.00000  0.00001  0.00000  0.00005  0.00000  0.00001  0.00000  0.00005  0.00000  0.00001  0.00000  0.00007  0.00000  0.00001  0.00000  0.00010  0.00000  0.00001  0.00000  0.00022  0.00000  0.00002  0.00000  0.00199  0.00404  0.00116  0.00000  0.00001  0.00000  0.00014  0.00000  0.00001  0.00000  0.00008  0.00000  0.00004 
 0.00009  0.00002  0.00000  0.00001  0.00007  0.00002  0.00000  0.00001  0.00008  0.00002  0.00000  0.00001  0.00009  0.00003  0.00000  0.00001  0.00011  0.00004  0.00000  0.00001  0.00016  0.00006  0.00000  0.00001  0.00029  0.00013  0.00000  0.00001  0.00123  0.00116  0.00000  0.00185  0.00119  0.00002  0.00000  0.00018  0.00030  0.00003  0.00000  0.00009  0.00029 
 0.00002  0.00000  0.00003  0.00000  0.00001  0.00000  0.00004  0.00000  0.00001  0.00000  0.00004  0.00000  0.00001  0.00000  0.00005  0.00000  0.00001  0.00000  0.00006  0.00000  0.00001  0.00000  0.00009  0.00000  0.00001  0.00000  0.00020  0.00000  0.00002  0.00000  0.00185  0.00388  0.00118  0.00000  0.00001  0.00000  0.00015  0.00000  0.00001  0.00000  0.00014 
 0.00000  0.00001  0.00007  0.00002  0.00000  0.00001  0.00007  0.00002  0.00000  0.00001  0.00008  0.00002  0.00000  0.00001  0.00009  0.00003  0.00000  0.00001  0.00011  0.00004  0.00000  0.00001  0.00015  0.00006  0.00000  0.00001  0.00028  0.00013  0.00000  0.00001  0.00119  0.00118  0.00000  0.00174  0.00118  0.00003  0.00000  0.00018  0.00033  0.00004  0.00000 
 0.00004  0.00000  0.00001  0.00000  0.00003  0.00000  0.00001  0.00000  0.00003  0.00000  0.00001  0.00000  0.00004  0.00000  0.00001  0.00000  0.00004  0.00000  0.00001  0.00000  0.00006  0.00000  0.00001  0.00000  0.00009  0.00000  0.00002  0.00000  0.00019  0.00000  0.00002  0.00000  0.00174  0.00378  0.00121  0.00000  0.00001  0.00000  0.00017  0.00000  0.00006 
 0.00009  0.00002  0.00000  0.00001  0.00006  0.00002  0.00000  0.00001  0.00007  0.00002  0.00000  0.00001  0.00007  0.00002  0.00000  0.00001  0.00009  0.00003  0.00000  0.00001  0.00011  0.00004  0.00000  0.00001  0.00016  0.00006  0.00000  0.00001  0.00028  0.00014  0.00000  0.00001  0.00118  0.00121  0.00000  0.00167  0.00120  0.00005  0.00000  0.00020  0.00056 
 0.00002  0.00000  0.00003  0.00000  0.00001  0.00000  0.00003  0.00000  0.00001  0.00000  0.00003  0.00000  0.00001  0.00000  0.00003  0.00000  0.00001  0.00000  0.00004  0.00000  0.00002  0.00000  0.00005  0.00000  0.00002  0.00000  0.00008  0.00000  0.00002  0.00000  0.00018  0.00000  0.00003  0.00000  0.00167  0.00373  0.00126  0.00000  0.00001  0.00000  0.00032 
 0.00000  0.00000  0.00006  0.00002  0.00000  0.00001  0.00006  0.00002  0.00000  0.00001  0.00007  0.00002  0.00000  0.00001  0.00008  0.00002  0.00000  0.00001  0.00009  0.00003  0.00000  0.00001  0.00011  0.00004  0.00000  0.00001  0.00016  0.00007  0.00000  0.00001  0.00030  0.00015  0.00000  0.00001  0.00120  0.00126  0.00000  0.00165  0.00133  0.00011  0.00000 
 0.00004  0.00000  0.00001  0.00000  0.00002  0.00000  0.00001  0.00000  0.00003  0.00000  0.00001  0.00000  0.00003  0.00000  0.00001  0.00000  0.00003  0.00000  0.00001  0.00000  0.00004  0.00000  0.00002  0.00000  0.00005  0.00000  0.00002  0.00000  0.00008  0.00000  0.00003  0.00000  0.00018  0.00000  0.00006  0.00000  0.00165  0.00378  0.00140  0.00000  0.00012 
 0.00008  0.00002  0.00000  0.00001  0.00006  0.00002  0.00000  0.00001  0.00006  0.00002  0.00000  0.00001  0.00007  0.00002  0.00000  0.00001  0.00008  0.00003  0.00000  0.00001  0.00009  0.00003  0.00000  0.00001  0.00012  0.00005  0.00000  0.00001  0.00018  0.00008  0.00000  0.00001  0.00033  0.00017  0.00000  0.00001  0.00133  0.00140  0.00000  0.00174  0.00257 
 0.00002  0.00000  0.00003  0.00000  0.00001  0.00000  0.00003  0.00000  0.00001  0.00000  0.00003  0.00000  0.00001  0.00000  0.00003  0.00000  0.00001  0.00000  0.00004  0.00000  0.00001  0.00000  0.00005  0.00000  0.00002  0.00000  0.00006  0.00000  0.00002  0.00000  0.00009  0.00000  0.00004  0.00000  0.00020  0.00000  0.00011  0.00000  0.00173  0.00407  0.00307 
 0.00000  0.00002  0.00009  0.00003  0.00000  0.00002  0.00009  0.00003  0.00000  0.00002  0.00010  0.00004  0.00000  0.00002  0.00011  0.00004  0.00000  0.00003  0.00012  0.00005  0.00000  0.00003  0.00015  0.00006  0.00000  0.00003  0.00019  0.00009  0.00000  0.00004  0.00029  0.00014  0.00000  0.00006  0.00056  0.00031  0.00000  0.00012  0.00256  0.00306  0.00000 
