 1.11301  1.01580  0.93406  0.80528  0.67988  0.53695  0.39103  0.26230  0.15639  0.07481  0.01922 -0.00856 -0.01275 -0.01446 -0.01636 -0.00539 -0.00000 -0.00515 -0.00000 -0.00492 -0.00000 -0.00085 -0.00002 -0.00171 -0.00095 -0.00116 -0.00015 -0.00000 -0.00047 -0.00000 -0.00000 -0.00039 -0.00000 -0.00000 -0.00000 -0.00008 -0.00000 -0.00000 -0.00000 -0.00000 -0.00000 -0.00011 -0.00000 -0.00000 -0.00000 -0.00000 -0.00000 -0.00003 -0.00021 -0.00040 -0.00024 
 1.01580  0.99045  0.89093  0.77504  0.65790  0.50878  0.37096  0.25396  0.14598  0.06856 -0.00000 -0.00884 -0.02287 -0.01589 -0.01529 -0.00581 -0.00290 -0.00000 -0.00350 -0.00254 -0.00000 -0.00127 -0.00000 -0.00164 -0.00102 -0.00118 -0.00000 -0.00000 -0.00000 -0.00000 -0.00000 -0.00015 -0.00010 -0.00000 -0.00000 -0.00008 -0.00000 -0.00000 -0.00000 -0.00008 -0.00000 -0.00004 -0.00000 -0.00000 -0.00000 -0.00006 -0.00000 -0.00000 -0.00004 -0.00018 -0.00031 
 0.93406  0.89093  0.83831  0.72466  0.61422  0.47801  0.34067  0.24140  0.14281  0.06386 -0.00000 -0.01581 -0.02402 -0.01353 -0.00858 -0.00546 -0.00097 -0.00332 -0.00095 -0.00130 -0.00000 -0.00282 -0.00134 -0.00194 -0.00129 -0.00110 -0.00000 -0.00000 -0.00000 -0.00000 -0.00000 -0.00014 -0.00000 -0.00001 -0.00000 -0.00000 -0.00000 -0.00000 -0.00000 -0.00000 -0.00000 -0.00012 -0.00000 -0.00000 -0.00000 -0.00000 -0.00000 -0.00000 -0.00000 -0.00015 -0.00004 
 0.80528  0.77504  0.72466  0.64475  0.52103  0.40162  0.29478  0.20177  0.11718  0.05314 -0.00000 -0.01650 -0.02077 -0.01061 -0.01454 -0.00017 -0.00476 -0.00367 -0.00000 -0.00000 -0.00000 -0.00275 -0.00154 -0.00164 -0.00000 -0.00062 -0.00000 -0.00000 -0.00000 -0.00000 -0.00000 -0.00042 -0.00019 -0.00014 -0.00000 -0.00000 -0.00000 -0.00000 -0.00000 -0.00000 -0.00000 -0.00011 -0.00004 -0.00000 -0.00000 -0.00000 -0.00000 -0.00000 -0.00000 -0.00010 -0.00000 
 0.67988  0.65790  0.61422  0.52103  0.43964  0.32972  0.23924  0.16154  0.08190  0.04285 -0.00000 -0.00328 -0.01669 -0.01609 -0.00764 -0.00672 -0.00275 -0.00287 -0.00000 -0.00000 -0.00000 -0.00302 -0.00173 -0.00108 -0.00000 -0.00004 -0.00000 -0.00025 -0.00000 -0.00000 -0.00000 -0.00037 -0.00027 -0.00013 -0.00000 -0.00000 -0.00008 -0.00000 -0.00000 -0.00004 -0.00000 -0.00007 -0.00000 -0.00011 -0.00000 -0.00000 -0.00000 -0.00000 -0.00003 -0.00000 -0.00000 
 0.53695  0.50878  0.47801  0.40162  0.32972  0.25483  0.17599  0.10472  0.04963 -0.00000 -0.00262 -0.00701 -0.01953 -0.01594 -0.01606 -0.00501 -0.00136 -0.00129 -0.00000 -0.00124 -0.00000 -0.00326 -0.00091 -0.00088 -0.00000 -0.00000 -0.00000 -0.00000 -0.00000 -0.00000 -0.00010 -0.00012 -0.00036 -0.00001 -0.00000 -0.00016 -0.00000 -0.00000 -0.00000 -0.00009 -0.00000 -0.00000 -0.00000 -0.00003 -0.00000 -0.00000 -0.00000 -0.00000 -0.00000 -0.00000 -0.00000 
 0.39103  0.37096  0.34067  0.29478  0.23924  0.17599  0.11662  0.06198 -0.00000 -0.00223 -0.02209 -0.01352 -0.01887 -0.01770 -0.01266 -0.00227 -0.00000 -0.00126 -0.00000 -0.00000 -0.00100 -0.00248 -0.00129 -0.00101 -0.00000 -0.00000 -0.00000 -0.00000 -0.00000 -0.00000 -0.00000 -0.00012 -0.00008 -0.00013 -0.00000 -0.00000 -0.00000 -0.00000 -0.00000 -0.00009 -0.00001 -0.00007 -0.00000 -0.00000 -0.00000 -0.00000 -0.00000 -0.00000 -0.00000 -0.00000 -0.00000 
 0.26230  0.25396  0.24140  0.20177  0.16154  0.10472  0.06198  0.02079 -0.00000 -0.01611 -0.02002 -0.01292 -0.01496 -0.00975 -0.00654 -0.00000 -0.00000 -0.00110 -0.00000 -0.00029 -0.00033 -0.00280 -0.00176 -0.00110 -0.00000 -0.00032 -0.00000 -0.00009 -0.00000 -0.00000 -0.00000 -0.00016 -0.00000 -0.00013 -0.00000 -0.00000 -0.00000 -0.00000 -0.00000 -0.00000 -0.00007 -0.00014 -0.00012 -0.00007 -0.00000 -0.00000 -0.00002 -0.00000 -0.00000 -0.00005 -0.00000 
 0.15639  0.14598  0.14281  0.11718  0.08190  0.04963 -0.00000 -0.00000 -0.01275 -0.01408 -0.01896 -0.00986 -0.01110 -0.00091 -0.00293 -0.00000 -0.00102 -0.00055 -0.00000 -0.00000 -0.00000 -0.00239 -0.00081 -0.00022 -0.00022 -0.00000 -0.00000 -0.00000 -0.00000 -0.00016 -0.00005 -0.00028 -0.00029 -0.00012 -0.00000 -0.00000 -0.00000 -0.00000 -0.00000 -0.00000 -0.00000 -0.00011 -0.00000 -0.00000 -0.00000 -0.00005 -0.00000 -0.00000 -0.00010 -0.00018 -0.00016 
 0.07481  0.06856  0.06386  0.05314  0.04285 -0.00000 -0.00223 -0.01611 -0.01408 -0.01099 -0.01536 -0.00843 -0.00000 -0.00060 -0.00153 -0.00122 -0.00000 -0.00041 -0.00000 -0.00095 -0.00143 -0.00167 -0.00035 -0.00059 -0.00012 -0.00044 -0.00000 -0.00000 -0.00000 -0.00027 -0.00019 -0.00032 -0.00015 -0.00000 -0.00003 -0.00000 -0.00000 -0.00000 -0.00000 -0.00000 -0.00000 -0.00000 -0.00005 -0.00000 -0.00000 -0.00004 -0.00000 -0.00000 -0.00004 -0.00011 -0.00020 
 0.01922 -0.00000 -0.00000 -0.00000 -0.00000 -0.00262 -0.02209 -0.02002 -0.01896 -0.01536 -0.01514 -0.00531 -0.00450 -0.00103 -0.00315 -0.00026 -0.00000 -0.00031 -0.00000 -0.00193 -0.00149 -0.00096 -0.00069 -0.00001 -0.00000 -0.00049 -0.00000 -0.00000 -0.00013 -0.00014 -0.00017 -0.00035 -0.00000 -0.00000 -0.00000 -0.00000 -0.00000 -0.00000 -0.00000 -0.00000 -0.00000 -0.00000 -0.00000 -0.00000 -0.00000 -0.00000 -0.00000 -0.00000 -0.00003 -0.00003 -0.00004 
-0.00856 -0.00884 -0.01581 -0.01650 -0.00328 -0.00701 -0.01352 -0.01292 -0.00986 -0.00843 -0.00531 -0.00000 -0.00000 -0.00007 -0.00194 -0.00000 -0.00000 -0.00000 -0.00302 -0.00278 -0.00114 -0.00164 -0.00019 -0.00015 -0.00025 -0.00018 -0.00000 -0.00000 -0.00000 -0.00022 -0.00019 -0.00028 -0.00000 -0.00000 -0.00000 -0.00000 -0.00000 -0.00000 -0.00000 -0.00000 -0.00000 -0.00004 -0.00000 -0.00009 -0.00000 -0.00000 -0.00000 -0.00000 -0.00000 -0.00006 -0.00000 
-0.01275 -0.02287 -0.02402 -0.02077 -0.01669 -0.01953 -0.01887 -0.01496 -0.01110 -0.00000 -0.00450 -0.00000 -0.00000 -0.00000 -0.00245 -0.00093 -0.00000 -0.00331 -0.00359 -0.00294 -0.00168 -0.00004 -0.00000 -0.00000 -0.00000 -0.00000 -0.00000 -0.00000 -0.00000 -0.00008 -0.00002 -0.00022 -0.00000 -0.00000 -0.00000 -0.00001 -0.00000 -0.00000 -0.00002 -0.00000 -0.00000 -0.00000 -0.00000 -0.00000 -0.00000 -0.00000 -0.00000 -0.00000 -0.00000 -0.00007 -0.00000 
-0.01446 -0.01589 -0.01353 -0.01061 -0.01609 -0.01594 -0.01770 -0.00975 -0.00091 -0.00060 -0.00103 -0.00007 -0.00000 -0.00000 -0.00257 -0.00000 -0.00276 -0.00300 -0.00359 -0.00318 -0.00065 -0.00000 -0.00000 -0.00000 -0.00000 -0.00017 -0.00000 -0.00009 -0.00008 -0.00000 -0.00000 -0.00003 -0.00000 -0.00009 -0.00000 -0.00006 -0.00013 -0.00039 -0.00016 -0.00024 -0.00000 -0.00000 -0.00000 -0.00000 -0.00000 -0.00000 -0.00000 -0.00000 -0.00000 -0.00000 -0.00005 
-0.01636 -0.01529 -0.00858 -0.01454 -0.00764 -0.01606 -0.01266 -0.00654 -0.00293 -0.00153 -0.00315 -0.00194 -0.00245 -0.00257 -0.00000 -0.00269 -0.00178 -0.00240 -0.00289 -0.00182 -0.00036 -0.00000 -0.00000 -0.00000 -0.00005 -0.00000 -0.00034 -0.00024 -0.00016 -0.00000 -0.00000 -0.00000 -0.00000 -0.00001 -0.00000 -0.00004 -0.00010 -0.00038 -0.00038 -0.00019 -0.00000 -0.00011 -0.00004 -0.00002 -0.00000 -0.00000 -0.00000 -0.00000 -0.00000 -0.00000 -0.00000 
-0.00539 -0.00581 -0.00546 -0.00017 -0.00672 -0.00501 -0.00227 -0.00000 -0.00000 -0.00122 -0.00026 -0.00000 -0.00093 -0.00000 -0.00269 -0.00041 -0.00039 -0.00146 -0.00157 -0.00088 -0.00051 -0.00000 -0.00000 -0.00000 -0.00000 -0.00009 -0.00029 -0.00013 -0.00004 -0.00000 -0.00000 -0.00007 -0.00000 -0.00000 -0.00000 -0.00000 -0.00000 -0.00025 -0.00027 -0.00014 -0.00000 -0.00010 -0.00002 -0.00014 -0.00000 -0.00000 -0.00000 -0.00003 -0.00000 -0.00000 -0.00000 
-0.00000 -0.00290 -0.00097 -0.00476 -0.00275 -0.00136 -0.00000 -0.00000 -0.00102 -0.00000 -0.00000 -0.00000 -0.00000 -0.00276 -0.00178 -0.00039 -0.00076 -0.00057 -0.00109 -0.00093 -0.00000 -0.00000 -0.00021 -0.00000 -0.00000 -0.00000 -0.00009 -0.00042 -0.00000 -0.00000 -0.00000 -0.00000 -0.00000 -0.00000 -0.00000 -0.00000 -0.00014 -0.00000 -0.00000 -0.00000 -0.00000 -0.00003 -0.00000 -0.00000 -0.00000 -0.00000 -0.00000 -0.00007 -0.00000 -0.00000 -0.00000 
-0.00515 -0.00000 -0.00332 -0.00367 -0.00287 -0.00129 -0.00126 -0.00110 -0.00055 -0.00041 -0.00031 -0.00000 -0.00331 -0.00300 -0.00240 -0.00146 -0.00057 -0.00091 -0.00136 -0.00000 -0.00000 -0.00000 -0.00000 -0.00000 -0.00000 -0.00000 -0.00058 -0.00065 -0.00026 -0.00012 -0.00000 -0.00000 -0.00000 -0.00000 -0.00000 -0.00000 -0.00000 -0.00000 -0.00000 -0.00000 -0.00000 -0.00000 -0.00000 -0.00000 -0.00006 -0.00018 -0.00008 -0.00008 -0.00000 -0.00008 -0.00000 
-0.00000 -0.00350 -0.00095 -0.00000 -0.00000 -0.00000 -0.00000 -0.00000 -0.00000 -0.00000 -0.00000 -0.00302 -0.00359 -0.00359 -0.00289 -0.00157 -0.00109 -0.00136 -0.00071 -0.00000 -0.00000 -0.00000 -0.00000 -0.00003 -0.00004 -0.00045 -0.00081 -0.00049 -0.00033 -0.00014 -0.00000 -0.00000 -0.00000 -0.00000 -0.00000 -0.00000 -0.00000 -0.00000 -0.00000 -0.00000 -0.00000 -0.00000 -0.00000 -0.00007 -0.00018 -0.00027 -0.00016 -0.00007 -0.00000 -0.00000 -0.00000 
-0.00492 -0.00254 -0.00130 -0.00000 -0.00000 -0.00124 -0.00000 -0.00029 -0.00000 -0.00095 -0.00193 -0.00278 -0.00294 -0.00318 -0.00182 -0.00088 -0.00093 -0.00000 -0.00000 -0.00009 -0.00000 -0.00000 -0.00003 -0.00000 -0.00064 -0.00086 -0.00083 -0.00049 -0.00024 -0.00000 -0.00004 -0.00000 -0.00000 -0.00014 -0.00000 -0.00008 -0.00000 -0.00000 -0.00000 -0.00000 -0.00000 -0.00000 -0.00000 -0.00006 -0.00021 -0.00019 -0.00026 -0.00004 -0.00000 -0.00000 -0.00000 
-0.00000 -0.00000 -0.00000 -0.00000 -0.00000 -0.00000 -0.00100 -0.00033 -0.00000 -0.00143 -0.00149 -0.00114 -0.00168 -0.00065 -0.00036 -0.00051 -0.00000 -0.00000 -0.00000 -0.00000 -0.00005 -0.00012 -0.00000 -0.00025 -0.00047 -0.00043 -0.00049 -0.00012 -0.00000 -0.00000 -0.00000 -0.00000 -0.00000 -0.00007 -0.00040 -0.00040 -0.00025 -0.00016 -0.00000 -0.00000 -0.00000 -0.00000 -0.00000 -0.00000 -0.00013 -0.00023 -0.00020 -0.00003 -0.00000 -0.00000 -0.00000 
-0.00085 -0.00127 -0.00282 -0.00275 -0.00302 -0.00326 -0.00248 -0.00280 -0.00239 -0.00167 -0.00096 -0.00164 -0.00004 -0.00000 -0.00000 -0.00000 -0.00000 -0.00000 -0.00000 -0.00000 -0.00012 -0.00000 -0.00002 -0.00009 -0.00011 -0.00040 -0.00029 -0.00000 -0.00018 -0.00000 -0.00000 -0.00000 -0.00000 -0.00019 -0.00059 -0.00051 -0.00048 -0.00032 -0.00000 -0.00000 -0.00000 -0.00000 -0.00000 -0.00000 -0.00003 -0.00010 -0.00010 -0.00000 -0.00000 -0.00000 -0.00000 
-0.00002 -0.00000 -0.00134 -0.00154 -0.00173 -0.00091 -0.00129 -0.00176 -0.00081 -0.00035 -0.00069 -0.00019 -0.00000 -0.00000 -0.00000 -0.00000 -0.00021 -0.00000 -0.00000 -0.00003 -0.00000 -0.00002 -0.00000 -0.00000 -0.00001 -0.00000 -0.00000 -0.00000 -0.00000 -0.00000 -0.00009 -0.00000 -0.00000 -0.00025 -0.00055 -0.00054 -0.00047 -0.00017 -0.00019 -0.00000 -0.00000 -0.00000 -0.00000 -0.00000 -0.00000 -0.00001 -0.00012 -0.00000 -0.00000 -0.00001 -0.00000 
-0.00171 -0.00164 -0.00194 -0.00164 -0.00108 -0.00088 -0.00101 -0.00110 -0.00022 -0.00059 -0.00001 -0.00015 -0.00000 -0.00000 -0.00000 -0.00000 -0.00000 -0.00000 -0.00003 -0.00000 -0.00025 -0.00009 -0.00000 -0.00000 -0.00000 -0.00000 -0.00003 -0.00000 -0.00001 -0.00000 -0.00000 -0.00000 -0.00000 -0.00026 -0.00034 -0.00023 -0.00011 -0.00005 -0.00001 -0.00000 -0.00000 -0.00000 -0.00000 -0.00000 -0.00000 -0.00000 -0.00005 -0.00000 -0.00010 -0.00000 -0.00000 
-0.00095 -0.00102 -0.00129 -0.00000 -0.00000 -0.00000 -0.00000 -0.00000 -0.00022 -0.00012 -0.00000 -0.00025 -0.00000 -0.00000 -0.00005 -0.00000 -0.00000 -0.00000 -0.00004 -0.00064 -0.00047 -0.00011 -0.00001 -0.00000 -0.00000 -0.00002 -0.00000 -0.00000 -0.00008 -0.00000 -0.00000 -0.00000 -0.00000 -0.00010 -0.00024 -0.00000 -0.00000 -0.00000 -0.00003 -0.00003 -0.00000 -0.00000 -0.00000 -0.00000 -0.00000 -0.00000 -0.00000 -0.00000 -0.00004 -0.00000 -0.00000 
-0.00116 -0.00118 -0.00110 -0.00062 -0.00004 -0.00000 -0.00000 -0.00032 -0.00000 -0.00044 -0.00049 -0.00018 -0.00000 -0.00017 -0.00000 -0.00009 -0.00000 -0.00000 -0.00045 -0.00086 -0.00043 -0.00040 -0.00000 -0.00000 -0.00002 -0.00000 -0.00000 -0.00000 -0.00025 -0.00000 -0.00000 -0.00000 -0.00000 -0.00000 -0.00000 -0.00012 -0.00000 -0.00004 -0.00013 -0.00000 -0.00000 -0.00001 -0.00007 -0.00004 -0.00002 -0.00000 -0.00000 -0.00003 -0.00000 -0.00000 -0.00000 
-0.00015 -0.00000 -0.00000 -0.00000 -0.00000 -0.00000 -0.00000 -0.00000 -0.00000 -0.00000 -0.00000 -0.00000 -0.00000 -0.00000 -0.00034 -0.00029 -0.00009 -0.00058 -0.00081 -0.00083 -0.00049 -0.00029 -0.00000 -0.00003 -0.00000 -0.00000 -0.00000 -0.00000 -0.00015 -0.00019 -0.00017 -0.00009 -0.00000 -0.00000 -0.00000 -0.00000 -0.00009 -0.00001 -0.00010 -0.00000 -0.00000 -0.00006 -0.00005 -0.00006 -0.00001 -0.00000 -0.00002 -0.00000 -0.00000 -0.00000 -0.00004 
-0.00000 -0.00000 -0.00000 -0.00000 -0.00025 -0.00000 -0.00000 -0.00009 -0.00000 -0.00000 -0.00000 -0.00000 -0.00000 -0.00009 -0.00024 -0.00013 -0.00042 -0.00065 -0.00049 -0.00049 -0.00012 -0.00000 -0.00000 -0.00000 -0.00000 -0.00000 -0.00000 -0.00000 -0.00021 -0.00018 -0.00032 -0.00001 -0.00004 -0.00001 -0.00000 -0.00000 -0.00000 -0.00000 -0.00000 -0.00000 -0.00000 -0.00004 -0.00000 -0.00000 -0.00001 -0.00000 -0.00000 -0.00000 -0.00000 -0.00000 -0.00007 
-0.00047 -0.00000 -0.00000 -0.00000 -0.00000 -0.00000 -0.00000 -0.00000 -0.00000 -0.00000 -0.00013 -0.00000 -0.00000 -0.00008 -0.00016 -0.00004 -0.00000 -0.00026 -0.00033 -0.00024 -0.00000 -0.00018 -0.00000 -0.00001 -0.00008 -0.00025 -0.00015 -0.00021 -0.00000 -0.00026 -0.00005 -0.00007 -0.00000 -0.00000 -0.00000 -0.00000 -0.00000 -0.00000 -0.00002 -0.00000 -0.00003 -0.00003 -0.00000 -0.00000 -0.00000 -0.00000 -0.00000 -0.00000 -0.00001 -0.00000 -0.00004 
-0.00000 -0.00000 -0.00000 -0.00000 -0.00000 -0.00000 -0.00000 -0.00000 -0.00016 -0.00027 -0.00014 -0.00022 -0.00008 -0.00000 -0.00000 -0.00000 -0.00000 -0.00012 -0.00014 -0.00000 -0.00000 -0.00000 -0.00000 -0.00000 -0.00000 -0.00000 -0.00019 -0.00018 -0.00026 -0.00011 -0.00000 -0.00000 -0.00006 -0.00000 -0.00000 -0.00000 -0.00000 -0.00000 -0.00000 -0.00000 -0.00000 -0.00000 -0.00000 -0.00000 -0.00000 -0.00000 -0.00000 -0.00000 -0.00003 -0.00000 -0.00000 
-0.00000 -0.00000 -0.00000 -0.00000 -0.00000 -0.00010 -0.00000 -0.00000 -0.00005 -0.00019 -0.00017 -0.00019 -0.00002 -0.00000 -0.00000 -0.00000 -0.00000 -0.00000 -0.00000 -0.00004 -0.00000 -0.00000 -0.00009 -0.00000 -0.00000 -0.00000 -0.00017 -0.00032 -0.00005 -0.00000 -0.00003 -0.00006 -0.00000 -0.00006 -0.00000 -0.00000 -0.00000 -0.00000 -0.00004 -0.00000 -0.00001 -0.00000 -0.00001 -0.00000 -0.00000 -0.00000 -0.00000 -0.00000 -0.00000 -0.00008 -0.00014 
-0.00039 -0.00015 -0.00014 -0.00042 -0.00037 -0.00012 -0.00012 -0.00016 -0.00028 -0.00032 -0.00035 -0.00028 -0.00022 -0.00003 -0.00000 -0.00007 -0.00000 -0.00000 -0.00000 -0.00000 -0.00000 -0.00000 -0.00000 -0.00000 -0.00000 -0.00000 -0.00009 -0.00001 -0.00007 -0.00000 -0.00006 -0.00016 -0.00016 -0.00000 -0.00000 -0.00000 -0.00000 -0.00000 -0.00001 -0.00000 -0.00000 -0.00000 -0.00000 -0.00000 -0.00000 -0.00000 -0.00000 -0.00000 -0.00009 -0.00011 -0.00016 
-0.00000 -0.00010 -0.00000 -0.00019 -0.00027 -0.00036 -0.00008 -0.00000 -0.00029 -0.00015 -0.00000 -0.00000 -0.00000 -0.00000 -0.00000 -0.00000 -0.00000 -0.00000 -0.00000 -0.00000 -0.00000 -0.00000 -0.00000 -0.00000 -0.00000 -0.00000 -0.00000 -0.00004 -0.00000 -0.00006 -0.00000 -0.00016 -0.00000 -0.00000 -0.00000 -0.00004 -0.00000 -0.00006 -0.00007 -0.00009 -0.00004 -0.00000 -0.00004 -0.00000 -0.00000 -0.00000 -0.00003 -0.00000 -0.00006 -0.00005 -0.00015 
-0.00000 -0.00000 -0.00001 -0.00014 -0.00013 -0.00001 -0.00013 -0.00013 -0.00012 -0.00000 -0.00000 -0.00000 -0.00000 -0.00009 -0.00001 -0.00000 -0.00000 -0.00000 -0.00000 -0.00014 -0.00007 -0.00019 -0.00025 -0.00026 -0.00010 -0.00000 -0.00000 -0.00001 -0.00000 -0.00000 -0.00006 -0.00000 -0.00000 -0.00000 -0.00000 -0.00000 -0.00008 -0.00002 -0.00000 -0.00000 -0.00000 -0.00000 -0.00000 -0.00000 -0.00000 -0.00000 -0.00000 -0.00000 -0.00002 -0.00002 -0.00002 
-0.00000 -0.00000 -0.00000 -0.00000 -0.00000 -0.00000 -0.00000 -0.00000 -0.00000 -0.00003 -0.00000 -0.00000 -0.00000 -0.00000 -0.00000 -0.00000 -0.00000 -0.00000 -0.00000 -0.00000 -0.00040 -0.00059 -0.00055 -0.00034 -0.00024 -0.00000 -0.00000 -0.00000 -0.00000 -0.00000 -0.00000 -0.00000 -0.00000 -0.00000 -0.00005 -0.00000 -0.00007 -0.00000 -0.00000 -0.00000 -0.00000 -0.00002 -0.00000 -0.00000 -0.00000 -0.00000 -0.00000 -0.00000 -0.00000 -0.00000 -0.00002 
-0.00008 -0.00008 -0.00000 -0.00000 -0.00000 -0.00016 -0.00000 -0.00000 -0.00000 -0.00000 -0.00000 -0.00000 -0.00001 -0.00006 -0.00004 -0.00000 -0.00000 -0.00000 -0.00000 -0.00008 -0.00040 -0.00051 -0.00054 -0.00023 -0.00000 -0.00012 -0.00000 -0.00000 -0.00000 -0.00000 -0.00000 -0.00000 -0.00004 -0.00000 -0.00000 -0.00001 -0.00000 -0.00000 -0.00000 -0.00000 -0.00000 -0.00000 -0.00006 -0.00000 -0.00000 -0.00000 -0.00000 -0.00000 -0.00000 -0.00002 -0.00000 
-0.00000 -0.00000 -0.00000 -0.00000 -0.00008 -0.00000 -0.00000 -0.00000 -0.00000 -0.00000 -0.00000 -0.00000 -0.00000 -0.00013 -0.00010 -0.00000 -0.00014 -0.00000 -0.00000 -0.00000 -0.00025 -0.00048 -0.00047 -0.00011 -0.00000 -0.00000 -0.00009 -0.00000 -0.00000 -0.00000 -0.00000 -0.00000 -0.00000 -0.00008 -0.00007 -0.00000 -0.00001 -0.00000 -0.00000 -0.00000 -0.00000 -0.00000 -0.00000 -0.00003 -0.00010 -0.00000 -0.00000 -0.00000 -0.00000 -0.00000 -0.00001 
-0.00000 -0.00000 -0.00000 -0.00000 -0.00000 -0.00000 -0.00000 -0.00000 -0.00000 -0.00000 -0.00000 -0.00000 -0.00000 -0.00039 -0.00038 -0.00025 -0.00000 -0.00000 -0.00000 -0.00000 -0.00016 -0.00032 -0.00017 -0.00005 -0.00000 -0.00004 -0.00001 -0.00000 -0.00000 -0.00000 -0.00000 -0.00000 -0.00006 -0.00002 -0.00000 -0.00000 -0.00000 -0.00000 -0.00000 -0.00000 -0.00000 -0.00000 -0.00000 -0.00010 -0.00009 -0.00000 -0.00001 -0.00000 -0.00000 -0.00000 -0.00000 
-0.00000 -0.00000 -0.00000 -0.00000 -0.00000 -0.00000 -0.00000 -0.00000 -0.00000 -0.00000 -0.00000 -0.00000 -0.00002 -0.00016 -0.00038 -0.00027 -0.00000 -0.00000 -0.00000 -0.00000 -0.00000 -0.00000 -0.00019 -0.00001 -0.00003 -0.00013 -0.00010 -0.00000 -0.00002 -0.00000 -0.00004 -0.00001 -0.00007 -0.00000 -0.00000 -0.00000 -0.00000 -0.00000 -0.00000 -0.00000 -0.00000 -0.00004 -0.00002 -0.00006 -0.00000 -0.00000 -0.00000 -0.00002 -0.00000 -0.00000 -0.00000 
-0.00000 -0.00008 -0.00000 -0.00000 -0.00004 -0.00009 -0.00009 -0.00000 -0.00000 -0.00000 -0.00000 -0.00000 -0.00000 -0.00024 -0.00019 -0.00014 -0.00000 -0.00000 -0.00000 -0.00000 -0.00000 -0.00000 -0.00000 -0.00000 -0.00003 -0.00000 -0.00000 -0.00000 -0.00000 -0.00000 -0.00000 -0.00000 -0.00009 -0.00000 -0.00000 -0.00000 -0.00000 -0.00000 -0.00000 -0.00000 -0.00000 -0.00002 -0.00002 -0.00006 -0.00000 -0.00000 -0.00000 -0.00000 -0.00000 -0.00000 -0.00000 
-0.00000 -0.00000 -0.00000 -0.00000 -0.00000 -0.00000 -0.00001 -0.00007 -0.00000 -0.00000 -0.00000 -0.00000 -0.00000 -0.00000 -0.00000 -0.00000 -0.00000 -0.00000 -0.00000 -0.00000 -0.00000 -0.00000 -0.00000 -0.00000 -0.00000 -0.00000 -0.00000 -0.00000 -0.00003 -0.00000 -0.00001 -0.00000 -0.00004 -0.00000 -0.00000 -0.00000 -0.00000 -0.00000 -0.00000 -0.00000 -0.00000 -0.00000 -0.00004 -0.00008 -0.00000 -0.00000 -0.00000 -0.00000 -0.00000 -0.00003 -0.00005 
-0.00011 -0.00004 -0.00012 -0.00011 -0.00007 -0.00000 -0.00007 -0.00014 -0.00011 -0.00000 -0.00000 -0.00004 -0.00000 -0.00000 -0.00011 -0.00010 -0.00003 -0.00000 -0.00000 -0.00000 -0.00000 -0.00000 -0.00000 -0.00000 -0.00000 -0.00001 -0.00006 -0.00004 -0.00003 -0.00000 -0.00000 -0.00000 -0.00000 -0.00000 -0.00002 -0.00000 -0.00000 -0.00000 -0.00004 -0.00002 -0.00000 -0.00000 -0.00000 -0.00003 -0.00000 -0.00000 -0.00000 -0.00000 -0.00000 -0.00004 -0.00000 
-0.00000 -0.00000 -0.00000 -0.00004 -0.00000 -0.00000 -0.00000 -0.00012 -0.00000 -0.00005 -0.00000 -0.00000 -0.00000 -0.00000 -0.00004 -0.00002 -0.00000 -0.00000 -0.00000 -0.00000 -0.00000 -0.00000 -0.00000 -0.00000 -0.00000 -0.00007 -0.00005 -0.00000 -0.00000 -0.00000 -0.00001 -0.00000 -0.00004 -0.00000 -0.00000 -0.00006 -0.00000 -0.00000 -0.00002 -0.00002 -0.00004 -0.00000 -0.00000 -0.00000 -0.00000 -0.00000 -0.00000 -0.00007 -0.00000 -0.00000 -0.00000 
-0.00000 -0.00000 -0.00000 -0.00000 -0.00011 -0.00003 -0.00000 -0.00007 -0.00000 -0.00000 -0.00000 -0.00009 -0.00000 -0.00000 -0.00002 -0.00014 -0.00000 -0.00000 -0.00007 -0.00006 -0.00000 -0.00000 -0.00000 -0.00000 -0.00000 -0.00004 -0.00006 -0.00000 -0.00000 -0.00000 -0.00000 -0.00000 -0.00000 -0.00000 -0.00000 -0.00000 -0.00003 -0.00010 -0.00006 -0.00006 -0.00008 -0.00003 -0.00000 -0.00000 -0.00000 -0.00000 -0.00000 -0.00000 -0.00000 -0.00000 -0.00003 
-0.00000 -0.00000 -0.00000 -0.00000 -0.00000 -0.00000 -0.00000 -0.00000 -0.00000 -0.00000 -0.00000 -0.00000 -0.00000 -0.00000 -0.00000 -0.00000 -0.00000 -0.00006 -0.00018 -0.00021 -0.00013 -0.00003 -0.00000 -0.00000 -0.00000 -0.00002 -0.00001 -0.00001 -0.00000 -0.00000 -0.00000 -0.00000 -0.00000 -0.00000 -0.00000 -0.00000 -0.00010 -0.00009 -0.00000 -0.00000 -0.00000 -0.00000 -0.00000 -0.00000 -0.00000 -0.00000 -0.00000 -0.00000 -0.00001 -0.00000 -0.00000 
-0.00000 -0.00006 -0.00000 -0.00000 -0.00000 -0.00000 -0.00000 -0.00000 -0.00005 -0.00004 -0.00000 -0.00000 -0.00000 -0.00000 -0.00000 -0.00000 -0.00000 -0.00018 -0.00027 -0.00019 -0.00023 -0.00010 -0.00001 -0.00000 -0.00000 -0.00000 -0.00000 -0.00000 -0.00000 -0.00000 -0.00000 -0.00000 -0.00000 -0.00000 -0.00000 -0.00000 -0.00000 -0.00000 -0.00000 -0.00000 -0.00000 -0.00000 -0.00000 -0.00000 -0.00000 -0.00000 -0.00000 -0.00000 -0.00000 -0.00000 -0.00007 
-0.00000 -0.00000 -0.00000 -0.00000 -0.00000 -0.00000 -0.00000 -0.00002 -0.00000 -0.00000 -0.00000 -0.00000 -0.00000 -0.00000 -0.00000 -0.00000 -0.00000 -0.00008 -0.00016 -0.00026 -0.00020 -0.00010 -0.00012 -0.00005 -0.00000 -0.00000 -0.00002 -0.00000 -0.00000 -0.00000 -0.00000 -0.00000 -0.00003 -0.00000 -0.00000 -0.00000 -0.00000 -0.00001 -0.00000 -0.00000 -0.00000 -0.00000 -0.00000 -0.00000 -0.00000 -0.00000 -0.00000 -0.00000 -0.00000 -0.00000 -0.00000 
-0.00003 -0.00000 -0.00000 -0.00000 -0.00000 -0.00000 -0.00000 -0.00000 -0.00000 -0.00000 -0.00000 -0.00000 -0.00000 -0.00000 -0.00000 -0.00003 -0.00007 -0.00008 -0.00007 -0.00004 -0.00003 -0.00000 -0.00000 -0.00000 -0.00000 -0.00003 -0.00000 -0.00000 -0.00000 -0.00000 -0.00000 -0.00000 -0.00000 -0.00000 -0.00000 -0.00000 -0.00000 -0.00000 -0.00002 -0.00000 -0.00000 -0.00000 -0.00007 -0.00000 -0.00000 -0.00000 -0.00000 -0.00000 -0.00000 -0.00000 -0.00000 
-0.00021 -0.00004 -0.00000 -0.00000 -0.00003 -0.00000 -0.00000 -0.00000 -0.00010 -0.00004 -0.00003 -0.00000 -0.00000 -0.00000 -0.00000 -0.00000 -0.00000 -0.00000 -0.00000 -0.00000 -0.00000 -0.00000 -0.00000 -0.00010 -0.00004 -0.00000 -0.00000 -0.00000 -0.00001 -0.00003 -0.00000 -0.00009 -0.00006 -0.00002 -0.00000 -0.00000 -0.00000 -0.00000 -0.00000 -0.00000 -0.00000 -0.00000 -0.00000 -0.00000 -0.00001 -0.00000 -0.00000 -0.00000 -0.00000 -0.00000 -0.00000 
-0.00040 -0.00018 -0.00015 -0.00010 -0.00000 -0.00000 -0.00000 -0.00005 -0.00018 -0.00011 -0.00003 -0.00006 -0.00007 -0.00000 -0.00000 -0.00000 -0.00000 -0.00008 -0.00000 -0.00000 -0.00000 -0.00000 -0.00001 -0.00000 -0.00000 -0.00000 -0.00000 -0.00000 -0.00000 -0.00000 -0.00008 -0.00011 -0.00005 -0.00002 -0.00000 -0.00002 -0.00000 -0.00000 -0.00000 -0.00000 -0.00003 -0.00004 -0.00000 -0.00000 -0.00000 -0.00000 -0.00000 -0.00000 -0.00000 -0.00000 -0.00005 
-0.00024 -0.00031 -0.00004 -0.00000 -0.00000 -0.00000 -0.00000 -0.00000 -0.00016 -0.00020 -0.00004 -0.00000 -0.00000 -0.00005 -0.00000 -0.00000 -0.00000 -0.00000 -0.00000 -0.00000 -0.00000 -0.00000 -0.00000 -0.00000 -0.00000 -0.00000 -0.00004 -0.00007 -0.00004 -0.00000 -0.00014 -0.00016 -0.00015 -0.00002 -0.00002 -0.00000 -0.00001 -0.00000 -0.00000 -0.00000 -0.00005 -0.00000 -0.00000 -0.00003 -0.00000 -0.00007 -0.00000 -0.00000 -0.00000 -0.00005 -0.00005 
